[gd_scene load_steps=18 format=3 uid="uid://b4edsal6lrimd"]

[ext_resource type="ArrayMesh" uid="uid://byrwv6lb4tfjf" path="res://assets/vehicles/suzuki_sx4_sportback/meshes/suzuki_sx4_sportback_Wheel_L_Mesh.res" id="1_a2ina"]
[ext_resource type="ArrayMesh" uid="uid://byu8lmidjcinj" path="res://assets/vehicles/suzuki_sx4_sportback/meshes/suzuki_sx4_sportback_Wheel_R_Mesh.res" id="2_oyssx"]
[ext_resource type="ArrayMesh" uid="uid://okvcll0etrt2" path="res://assets/vehicles/suzuki_sx4_sportback/meshes/suzuki_sx4_sportback_Car_Body.res" id="3_24k26"]
[ext_resource type="ArrayMesh" uid="uid://brekj3dc8pmvb" path="res://assets/vehicles/suzuki_sx4_sportback/meshes/suzuki_sx4_sportback_Bonnet_Mesh.res" id="4_oct8l"]
[ext_resource type="ArrayMesh" uid="uid://cddakty2rh0ly" path="res://assets/vehicles/suzuki_sx4_sportback/meshes/suzuki_sx4_sportback_Boot_Mesh.res" id="5_oyn0c"]
[ext_resource type="ArrayMesh" uid="uid://ba42r87bu34qq" path="res://assets/vehicles/suzuki_sx4_sportback/meshes/suzuki_sx4_sportback_Gear_Stick_Mesh.res" id="6_ryek8"]
[ext_resource type="ArrayMesh" uid="uid://bl73e1nemr2bx" path="res://assets/vehicles/suzuki_sx4_sportback/meshes/suzuki_sx4_sportback_Ignition_Key_Mesh.res" id="7_gd4td"]
[ext_resource type="ArrayMesh" uid="uid://cm7ijrxfhgfjp" path="res://assets/vehicles/suzuki_sx4_sportback/meshes/suzuki_sx4_sportback_Indicator_Switch_Mesh.res" id="8_67ao4"]
[ext_resource type="ArrayMesh" uid="uid://dscbbl2etkjo0" path="res://assets/vehicles/suzuki_sx4_sportback/meshes/suzuki_sx4_sportback_Light_Switch_Mesh.res" id="9_1kivu"]
[ext_resource type="ArrayMesh" uid="uid://dsdxqvitasida" path="res://assets/vehicles/suzuki_sx4_sportback/meshes/suzuki_sx4_sportback_Steering_Wheel_Mesh.res" id="10_i0bnl"]
[ext_resource type="ArrayMesh" uid="uid://c165u8xyymw8r" path="res://assets/vehicles/suzuki_sx4_sportback/meshes/suzuki_sx4_sportback_W_Wiper_L_Mesh.res" id="11_1vos2"]
[ext_resource type="ArrayMesh" uid="uid://2vfa053yc082" path="res://assets/vehicles/suzuki_sx4_sportback/meshes/suzuki_sx4_sportback_W_Wiper_R_Mesh.res" id="12_dxhi6"]
[ext_resource type="ArrayMesh" uid="uid://b7beymroxugmt" path="res://assets/vehicles/suzuki_sx4_sportback/meshes/suzuki_sx4_sportback_Wiper_Switch_Mesh.res" id="13_4ha5w"]
[ext_resource type="ArrayMesh" uid="uid://nyioa34kstxk" path="res://assets/vehicles/suzuki_sx4_sportback/meshes/suzuki_sx4_sportback_Door_FL_Mesh.res" id="14_e7o67"]
[ext_resource type="ArrayMesh" uid="uid://bg55j0emkaoqw" path="res://assets/vehicles/suzuki_sx4_sportback/meshes/suzuki_sx4_sportback_Door_FR_Mesh.res" id="15_rx2cb"]
[ext_resource type="ArrayMesh" uid="uid://khsdjtuf1q1v" path="res://assets/vehicles/suzuki_sx4_sportback/meshes/suzuki_sx4_sportback_Door_RL_Mesh.res" id="16_d6f0o"]
[ext_resource type="ArrayMesh" uid="uid://bcim34tmdxt0t" path="res://assets/vehicles/suzuki_sx4_sportback/meshes/suzuki_sx4_sportback_Door_RR_Mesh.res" id="17_e4123"]

[node name="Suzuki_SX4_Sportback" type="Node3D"]

[node name="Wheel_L_Mesh" type="MeshInstance3D" parent="."]
mesh = ExtResource("1_a2ina")
skeleton = NodePath("")

[node name="Wheel_R_Mesh" type="MeshInstance3D" parent="."]
mesh = ExtResource("2_oyssx")
skeleton = NodePath("")

[node name="Car_Body" type="MeshInstance3D" parent="."]
mesh = ExtResource("3_24k26")
skeleton = NodePath("")

[node name="Bonnet" type="Node3D" parent="Car_Body"]
transform = Transform3D(1, 0, 0, 0, 1, 0, 0, 0, 1, 1.07191, 1.08313, 0)

[node name="Bonnet_Mesh" type="MeshInstance3D" parent="Car_Body/Bonnet"]
mesh = ExtResource("4_oct8l")
skeleton = NodePath("")

[node name="Boot" type="Node3D" parent="Car_Body"]
transform = Transform3D(1, 0, 0, 0, 1, 0, 0, 0, 1, -1.49868, 1.65386, 0)

[node name="Boot_Mesh" type="MeshInstance3D" parent="Car_Body/Boot"]
mesh = ExtResource("5_oyn0c")
skeleton = NodePath("")

[node name="Gear_Stick" type="Node3D" parent="Car_Body"]
transform = Transform3D(1, 0, 0, 0, 1, 0, 0, 0, 1, 0.248429, 0.61381, 0)

[node name="Gear_Stick_Mesh" type="MeshInstance3D" parent="Car_Body/Gear_Stick"]
mesh = ExtResource("6_ryek8")
skeleton = NodePath("")

[node name="Ignition_Key" type="Node3D" parent="Car_Body"]
transform = Transform3D(0.788241, -0.499195, -0.359833, 0.562219, 0.821931, 0.0913202, 0.250171, -0.274287, 0.928537, 0.477677, 0.948068, -0.251374)

[node name="Ignition_Key_Mesh" type="MeshInstance3D" parent="Car_Body/Ignition_Key"]
mesh = ExtResource("7_gd4td")
skeleton = NodePath("")

[node name="Indicator_Switch" type="Node3D" parent="Car_Body"]
transform = Transform3D(0.397375, 0.188074, -0.898176, -0.427796, 0.903875, -4.3984e-08, 0.811839, 0.384237, 0.439635, 0.457306, 1.01354, -0.442383)

[node name="Indicator_Switch_Mesh" type="MeshInstance3D" parent="Car_Body/Indicator_Switch"]
mesh = ExtResource("8_67ao4")
skeleton = NodePath("")

[node name="Light_Switch_Mesh" type="MeshInstance3D" parent="Car_Body/Indicator_Switch/Indicator_Switch_Mesh"]
transform = Transform3D(0.998829, -0.00590083, -0.0480281, 0.0300849, 0.853116, 0.520853, 0.0379001, -0.521688, 0.852294, -0.102289, -0.00181532, -0.00320709)
mesh = ExtResource("9_1kivu")
skeleton = NodePath("")

[node name="Steering_Wheel" type="Node3D" parent="Car_Body"]
transform = Transform3D(0.898702, 0.438559, 0, -0.438559, 0.898702, 0, 0, 0, 1, 0.31013, 1.06112, -0.35556)

[node name="Steering_Wheel_Mesh" type="MeshInstance3D" parent="Car_Body/Steering_Wheel"]
mesh = ExtResource("10_i0bnl")
skeleton = NodePath("")

[node name="Windshield_Wipers" type="Node3D" parent="Car_Body"]

[node name="W_Wiper_L_Mesh" type="MeshInstance3D" parent="Car_Body/Windshield_Wipers"]
transform = Transform3D(0.00381231, 0.443775, -0.89613, -0.0492308, 0.895133, 0.443072, 0.99878, 0.042428, 0.0252599, 1.14272, 1.06474, -0.63711)
mesh = ExtResource("11_1vos2")
skeleton = NodePath("")

[node name="W_Wiper_R_Mesh" type="MeshInstance3D" parent="Car_Body/Windshield_Wipers"]
transform = Transform3D(0.0108702, 0.652298, -0.757885, 0.193365, 0.742252, 0.641617, 0.981067, -0.153523, -0.118063, 1.19971, 1.08408, -0.266407)
mesh = ExtResource("12_dxhi6")
skeleton = NodePath("")

[node name="Wiper_Switch" type="Node3D" parent="Car_Body"]
transform = Transform3D(0.899562, 0.168273, -0.40308, -0.0615001, 0.962415, 0.264526, 0.432443, -0.213168, 0.876101, 0.457367, 1.01354, -0.265625)

[node name="Wiper_Switch_Mesh" type="MeshInstance3D" parent="Car_Body/Wiper_Switch"]
mesh = ExtResource("13_4ha5w")
skeleton = NodePath("")

[node name="Door_FL" type="Node3D" parent="."]
transform = Transform3D(1, 0, 0, 0, 1, 0, 0, 0, 1, 0.773, 0.816, -0.89)

[node name="Door_FL_Mesh" type="MeshInstance3D" parent="Door_FL"]
mesh = ExtResource("14_e7o67")
skeleton = NodePath("")

[node name="Door_FR" type="Node3D" parent="."]
transform = Transform3D(1, 0, 0, 0, 1, 0, 0, 0, 1, 0.773, 0.816, 0.89)

[node name="Door_FR_Mesh" type="MeshInstance3D" parent="Door_FR"]
mesh = ExtResource("15_rx2cb")
skeleton = NodePath("")

[node name="Door_RL" type="Node3D" parent="."]
transform = Transform3D(1, 0, 0, 0, 1, 0, 0, 0, 1, -0.307, 0.853, -0.913)

[node name="Door_RL_Mesh" type="MeshInstance3D" parent="Door_RL"]
mesh = ExtResource("16_d6f0o")
skeleton = NodePath("")

[node name="Door_RR" type="Node3D" parent="."]
transform = Transform3D(1, 0, 0, 0, 1, 0, 0, 0, 1, -0.307, 0.853, 0.913)

[node name="Door_RR_Mesh" type="MeshInstance3D" parent="Door_RR"]
mesh = ExtResource("17_e4123")
skeleton = NodePath("")

[node name="Wheel_FL" type="Node3D" parent="."]
transform = Transform3D(1, 0, 0, 0, 1, 0, 0, 0, 1, 1.264, 0.847, -0.81)

[node name="Wheel_FL_Mesh" type="MeshInstance3D" parent="Wheel_FL"]
mesh = ExtResource("1_a2ina")
skeleton = NodePath("")

[node name="Wheel_FR" type="Node3D" parent="."]
transform = Transform3D(1, 0, 0, 0, 1, 0, 0, 0, 1, 1.264, 0.847, 0.81)

[node name="Wheel_FR_Mesh" type="MeshInstance3D" parent="Wheel_FR"]
mesh = ExtResource("2_oyssx")
skeleton = NodePath("")

[node name="Wheel_RL" type="Node3D" parent="."]
transform = Transform3D(1, 0, 0, 0, 1, 0, 0, 0, 1, -1.424, 0.847, -0.81)

[node name="Wheel_RL_Mesh" type="MeshInstance3D" parent="Wheel_RL"]
mesh = ExtResource("1_a2ina")
skeleton = NodePath("")

[node name="Wheel_RR" type="Node3D" parent="."]
transform = Transform3D(1, 0, 0, 0, 1, 0, 0, 0, 1, -1.424, 0.847, 0.81)

[node name="Wheel_RR_Mesh" type="MeshInstance3D" parent="Wheel_RR"]
mesh = ExtResource("2_oyssx")
skeleton = NodePath("")
